50
0.566 0.589
0.859 0.374
0.325 0.070
0.276 0.140
0.192 0.346
0.736 0.146
0.257 0.167
0.425 0.033
0.509 0.344
0.070 0.639
0.879 0.250
0.561 0.753
0.108 0.832
0.051 0.456
0.857 0.908
0.173 0.073
0.959 0.044
0.549 0.288
0.215 0.776
0.234 0.431
0.652 0.477
0.257 0.481
0.637 0.632
0.912 0.815
0.760 0.811
0.962 0.228
0.894 0.123
0.399 0.265
0.327 0.432
0.936 0.384
0.392 0.108
0.867 0.999
0.479 0.604
0.462 0.909
0.852 0.635
0.553 0.171
0.167 0.246
0.469 0.931
0.106 0.537
0.965 0.247
0.026 0.346
0.313 0.443
0.028 0.653
0.211 0.011
0.366 0.995
0.660 0.614
0.580 0.677
0.463 0.193
0.283 0.048
0.515 0.735
